754 902
631 156
689 104
967 796
41 277
414 906
905 13
688 86
204 241
271 78
860 373
457 754
286 321
89 975
842 18
676 914
879 323
550 173
17 792
6 771
892 335
825 13
219 243
365 145
520 646
442 659
233 663
554 999
133 230
227 133
942 644
517 488
425 264
324 286
671 720
715 709
639 810
998 216
921 197
169 38
260 199
513 358
293 894
151 663
80 377
680 489
845 8
375 207
679 357
307 873
865 280
659 983
166 861
590 985
518 315
45 121
381 495
373 430
355 925
110 88
698 979
855 440
102 909
119 108
717 962
810 920
852 49
816 637
740 262
974 51
725 63
401 811
503 624
204 798
63 672
651 484
355 196
78 418
987 38
56 280
356 448
898 988
309 201
405 447
647 876
806 177
136 123
344 104
515 398
607 919
895 64
350 123
106 211
608 826
283 126
427 490
369 630
152 113
561 818
108 19
700 776
222 894
160 306
436 670
954 786
316 770
980 258
652 814
618 23
141 994
453 107
170 55
159 21
787 732
720 754
91 406
761 27
818 17
753 419
463 918
554 444
782 27
853 573
325 932
930 217
860 732
828 518
217 669
334 763
72 685
492 238
348 342
95 715
91 728
771 560
537 693
755 925
926 101
170 467
229 398
169 822
931 467
67 726
114 962
708 538
966 698
131 279
225 27
410 883
807 668
841 872
578 109
970 373
374 835
258 123
1 11
300 218
521 959
917 577
713 867
9 178
84 884
677 109
496 617
270 344
445 432
983 814
610 639
89 471
346 14
748 290
763 577
635 522
21 417
492 597
818 92
899 2
644 130
677 353
361 652
520 975
211 16
281 216
553 930
807 711
939 471
897 981
258 854
529 156
697 990
899 446
869 726
953 319
724 892
410 900
647 592
800 459
78 477
985 359
826 154
