920 438
480 418
50 529
245 660
637 694
115 173
571 694
185 507
153 43
760 248
610 840
29 471
307 136
815 396
979 887
857 427
204 451
120 474
906 303
800 360
893 592
749 915
636 615
556 100
539 733
117 918
535 252
78 497
24 105
337 508
629 752
332 662
967 812
409 777
837 994
223 272
85 623
36 222
166 286
208 60
557 511
680 316
837 990
691 986
904 53
141 614
593 720
755 794
583 919
782 588
140 137
246 35
914 345
184 248
277 624
551 546
632 611
991 370
147 246
662 703
643 633
204 398
287 392
608 522
697 669
949 445
273 999
495 909
530 71
25 953
831 107
272 63
885 245
348 417
187 877
393 522
261 574
775 704
486 483
910 819
25 145
391 549
365 893
845 554
622 534
874 55
841 211
946 472
620 72
504 7
102 574
676 695
525 501
356 217
219 730
959 158
625 375
340 158
293 454
293 474
934 942
214 512
688 610
267 269
690 681
823 663
729 6
278 353
224 618
497 372
242 450
453 123
514 86
54 424
246 108
929 852
670 312
267 77
421 408
810 794
526 436
506 285
885 301
757 920
907 291
569 590
266 210
140 794
170 97
945 42
821 606
311 687
623 498
191 617
248 841
552 241
601 820
786 697
690 112
182 421
43 357
304 584
23 534
691 590
726 502
503 322
215 388
42 391
273 48
871 351
675 276
237 889
734 856
192 41
706 579
617 626
110 72
14 660
301 441
306 936
592 888
463 50
805 574
382 524
22 836
863 44
542 148
341 780
776 166
906 337
958 524
507 401
729 737
537 338
554 109
453 640
94 247
233 136
274 790
975 300
623 758
143 425
640 210
570 797
193 324
887 181
860 281
918 892
180 237
929 422
32 196
78 693
366 242
122 608
180 6
617 858
563 120
933 801
579 592
355 870
57 800
893 29
677 491
728 589
991 830
789 786
345 796
165 382
214 688
397 841
601 636
133 111
339 519
247 391
107 960
148 526
875 645
352 776
682 280
243 993
578 281
155 743
186 276
137 48
958 394
594 326
164 50
412 191
933 183
96 45
944 484
783 298
812 209
49 825
814 217
29 673
279 218
820 753
244 915
136 33
140 791
140 86
117 421
871 205
391 301
809 0
862 183
364 788
172 585
95 703
122 822
316 40
80 964
881 900
705 628
14 464
223 447
227 216
569 554
999 850
755 717
606 210
202 212
