723 735
925 814
55 891
188 658
456 262
88 401
555 103
2 497
386 424
75 986
69 642
517 922
911 822
4 120
495 170
659 880
676 711
423 288
349 216
177 541
269 98
55 530
252 789
825 365
287 550
159 43
200 824
854 922
421 999
412 271
999 833
51 808
598 752
938 38
211 791
737 707
793 443
185 849
976 908
624 94
846 401
711 564
318 544
810 473
300 314
568 194
514 317
296 629
385 878
468 229
484 58
406 76
284 90
518 58
910 898
889 346
373 134
430 10
237 646
791 887
328 118
243 597
536 880
156 33
508 990
53 368
655 72
364 260
685 786
829 159
699 474
446 218
422 379
375 185
163 725
890 471
672 744
543 853
571 578
769 336
464 500
689 157
557 911
124 345
393 395
423 417
452 442
440 193
834 330
87 102
855 137
625 736
53 979
819 756
860 462
33 881
246 446
302 909
945 312
681 596
652 185
749 264
227 650
266 92
178 760
20 847
543 361
30 422
441 453
297 330
211 638
865 286
515 506
714 626
0 11
796 156
103 31
301 83
429 360
979 977
348 405
547 284
640 412
632 882
936 50
319 763
978 656
320 347
48 884
437 769
274 818
332 14
288 678
714 616
906 792
541 965
235 867
577 169
853 61
737 793
192 660
960 881
4 718
518 222
46 135
319 398
509 380
871 894
367 227
536 767
270 641
943 789
342 667
400 511
503 587
53 595
958 270
153 761
688 2
169 29
926 884
477 532
985 586
776 161
19 501
5 711
358 136
491 97
901 963
704 288
222 957
271 593
819 443
844 197
443 137
349 772
152 572
278 262
304 641
14 286
396 518
310 409
273 315
32 633
70 971
237 698
676 705
564 883
913 793
147 133
311 494
577 203
143 371
857 412
83 125
869 385
363 889
301 663
98 214
638 699
803 233
53 214
709 56
805 33
524 300
884 35
620 176
7 958
822 914
541 406
814 934
500 63
571 386
995 287
302 475
158 826
910 738
133 450
791 437
724 598
108 602
614 173
809 445
188 766
881 524
91 820
549 604
952 689
917 917
43 331
805 871
395 937
866 149
160 288
888 726
627 346
371 339
94 375
742 93
415 326
943 238
771 396
195 476
85 676
213 171
781 69
117 566
645 244
475 280
992 777
659 91
80 113
537 780
385 818
318 305
438 770
642 709
118 86
934 14
985 167
151 84
692 55
239 182
953 245
938 321
114 451
89 872
19 802
436 512
361 725
446 424
864 711
480 502
42 143
765 351
931 237
985 0
88 174
879 530
231 945
517 776
782 852
845 544
45 193
804 63
978 760
