534 763
873 571
395 926
171 355
608 340
336 945
901 738
866 273
505 209
68 139
550 972
202 397
840 667
202 407
189 559
821 610
64 394
411 455
732 796
948 677
49 893
657 193
646 290
249 707
106 50
549 348
561 837
282 383
798 507
184 675
933 58
915 384
440 234
984 914
245 625
157 142
381 252
193 872
553 191
448 283
10 192
671 328
452 534
957 860
551 438
822 496
124 931
890 213
825 762
946 219
544 530
838 513
772 762
414 377
561 527
1000 584
833 772
192 778
127 480
492 623
618 407
80 26
952 867
428 745
145 405
989 526
451 504
150 939
218 865
78 590
418 224
233 93
379 13
280 695
773 395
655 377
648 221
897 714
558 209
648 98
287 987
87 493
946 572
731 758
437 825
48 376
106 516
26 690
760 15
117 974
93 423
401 581
526 217
987 209
200 145
597 397
184 87
676 801
662 713
966 737
40 278
482 468
714 670
127 920
145 234
676 802
367 656
402 423
156 483
961 331
196 881
224 97
980 689
145 686
561 511
975 449
166 342
563 830
253 70
291 175
968 630
558 628
318 454
304 581
105 450
112 554
350 470
420 165
529 611
603 572
402 504
126 964
451 435
180 564
750 126
415 88
399 781
96 129
102 430
666 872
361 309
495 368
278 703
555 638
508 985
526 84
136 150
432 508
942 545
540 332
10 793
604 616
915 259
701 542
76 787
911 384
36 840
357 403
505 63
24 425
805 569
649 318
393 571
550 368
214 366
152 61
518 750
632 385
932 616
192 812
951 252
419 553
491 176
402 17
837 576
693 550
15 128
371 469
30 451
678 435
984 810
486 737
168 189
275 767
553 710
435 157
714 908
138 815
746 764
714 159
135 831
38 13
951 274
638 518
725 219
352 810
508 865
768 315
192 733
222 795
7 731
