626 472
580 21
48 84
415 910
186 307
179 642
300 643
482 116
515 842
399 454
910 999
766 458
509 295
201 921
332 579
384 277
699 239
817 653
211 540
140 992
477 754
953 743
502 464
16 656
498 939
244 525
461 792
547 107
203 967
829 698
272 354
113 653
169 238
154 336
362 816
123 651
723 122
883 135
696 579
482 141
26 23
309 321
21 159
803 161
534 611
965 957
567 59
417 559
181 461
412 29
575 978
185 568
498 646
65 873
928 532
380 713
842 18
886 409
646 504
888 245
798 186
375 541
997 626
15 665
195 179
142 526
374 413
713 304
744 72
208 744
191 794
817 914
82 638
600 922
697 680
126 750
480 129
449 239
949 367
991 804
847 585
314 748
590 897
709 237
781 914
220 561
195 325
265 460
923 205
646 364
479 939
200 94
600 897
205 291
851 986
503 662
72 677
39 583
973 135
932 240
572 595
756 268
471 264
962 27
600 999
293 194
258 862
579 150
289 993
124 639
152 915
909 585
57 357
133 896
207 827
204 89
406 787
251 972
107 222
484 428
76 169
652 328
194 520
872 480
497 940
30 583
725 274
678 997
649 898
388 93
605 388
785 591
437 155
181 335
879 596
694 364
726 818
828 418
242 549
40 221
403 96
111 678
363 320
670 492
976 559
30 171
437 779
132 572
697 883
972 533
380 709
32 522
266 814
846 88
895 485
155 272
912 745
965 740
113 61
513 736
847 988
308 865
902 170
628 457
100 385
871 785
628 904
9 332
533 640
840 383
411 427
937 46
13 92
381 64
96 838
872 75
643 761
505 483
367 324
482 564
232 950
100 537
33 965
489 643
190 685
248 951
186 276
510 469
601 813
230 558
54 900
403 101
64 844
20 691
109 437
490 895
92 585
1000 370
666 653
302 933
617 916
512 710
52 597
729 399
375 850
122 638
855 207
168 276
194 98
526 165
178 347
453 500
740 46
37 13
527 628
537 40
650 894
393 434
106 955
261 964
749 857
760 423
216 906
432 115
934 399
651 96
874 986
615 139
67 328
996 747
660 746
43 35
851 209
869 786
229 567
165 58
233 462
184 72
380 247
732 804
918 160
65 433
416 87
955 610
972 331
921 718
385 22
692 102
683 126
478 819
881 132
800 75
683 669
118 332
580 484
