69 648
243 420
197 724
272 739
31 561
259 329
60 887
477 752
349 772
358 700
747 744
274 188
914 784
338 190
436 641
777 896
151 213
443 974
623 247
307 137
766 264
649 892
531 800
408 973
819 630
201 924
651 726
267 657
979 853
564 390
326 820
376 430
185 321
440 446
321 723
588 185
446 865
240 918
647 216
823 692
200 801
659 801
261 496
73 677
147 743
737 250
995 663
356 548
6 46
883 781
200 358
534 842
747 219
974 465
504 962
281 908
796 567
901 455
498 9
127 382
387 617
381 139
694 716
19 795
658 431
776 440
161 250
74 990
395 820
78 423
476 469
870 731
175 388
687 925
307 532
977 279
525 812
373 880
404 792
769 472
353 38
237 835
573 462
752 82
764 579
533 194
200 321
742 423
32 324
465 76
962 948
791 329
41 254
324 446
330 845
542 263
939 231
391 804
66 421
143 297
207 287
824 390
681 949
690 590
690 966
860 796
660 837
329 122
608 711
796 43
14 964
892 465
352 813
807 904
809 984
932 697
885 795
361 113
45 707
836 313
554 592
268 440
376 430
452 511
452 453
869 560
517 405
556 110
659 667
915 378
635 385
68 271
659 314
810 576
321 919
653 346
842 899
813 589
304 556
700 583
594 474
102 781
627 366
569 256
634 325
246 746
439 188
182 512
892 760
344 852
721 692
736 974
877 774
844 630
672 553
106 58
837 42
742 333
45 458
162 410
277 318
793 536
132 370
307 912
274 236
518 686
761 276
776 157
733 423
480 965
594 930
424 636
510 251
491 820
813 152
610 817
151 354
989 247
438 969
691 271
595 289
252 740
208 305
422 250
191 929
792 260
831 849
807 281
397 69
429 721
943 737
666 653
406 94
122 768
290 168
584 663
341 394
669 86
451 305
630 754
586 232
935 301
777 804
878 902
345 162
335 178
794 899
730 627
567 601
523 34
535 468
694 169
877 24
180 679
147 912
452 7
600 846
939 623
876 859
997 412
166 566
249 827
412 46
344 680
201 294
16 768
902 159
904 845
297 397
819 358
24 285
322 281
642 585
687 256
47 227
915 673
868 136
765 594
189 682
914 521
717 868
457 363
673 302
58 543
581 802
366 584
719 475
175 133
584 687
923 149
246 550
575 830
455 112
480 300
677 838
691 843
549 856
681 211
583 541
261 500
134 231
776 920
502 143
218 776
103 508
821 115
531 70
145 296
355 746
681 457
617 517
805 782
679 239
807 855
990 480
219 235
761 612
734 696
450 775
363 314
650 194
704 967
861 204
67 805
243 788
918 147
561 811
251 60
596 29
470 144
967 416
836 944
122 103
615 480
701 394
