408 418
500 263
571 384
759 824
88 603
815 859
1 624
626 968
456 856
146 697
183 766
197 238
481 574
708 493
177 805
357 308
144 556
367 144
690 960
34 404
597 138
60 130
679 922
984 660
895 31
447 909
130 629
383 792
492 529
828 598
987 262
970 130
22 932
389 844
409 135
43 737
198 872
631 740
352 499
510 364
7 300
57 456
46 393
469 256
451 45
237 336
734 666
286 207
873 604
587 458
333 734
852 275
380 28
135 628
479 581
485 693
787 500
958 93
982 626
482 623
761 512
968 384
197 675
370 835
952 54
379 8
852 197
927 608
743 311
359 96
641 514
933 419
563 149
941 406
484 58
795 42
226 261
330 221
385 451
326 874
864 214
783 29
654 330
853 241
779 42
495 299
745 812
978 845
593 312
933 821
30 463
372 963
600 8
226 263
353 168
775 936
927 998
268 177
958 185
172 963
101 555
881 445
254 598
912 213
651 9
389 793
279 168
195 538
877 332
869 371
467 285
309 414
889 940
325 785
453 152
314 432
906 995
579 75
254 149
926 36
821 167
463 444
855 318
90 433
385 13
130 755
529 907
590 763
938 393
947 77
114 513
523 50
120 609
73 2
532 720
775 407
610 796
546 608
496 714
876 860
999 687
176 989
243 587
439 695
797 821
603 668
635 666
300 975
516 657
60 132
801 487
274 812
792 485
196 134
910 354
44 246
655 231
237 592
965 827
502 90
979 522
442 872
708 576
320 397
938 144
520 971
398 227
523 394
886 820
636 634
103 61
967 26
661 886
661 356
49 280
120 554
872 885
164 953
133 920
389 145
577 626
62 951
316 674
496 749
758 404
325 214
249 413
620 722
875 185
200 96
614 363
27 893
569 26
472 836
977 998
288 680
700 606
291 756
856 239
85 51
292 209
9 256
43 138
995 611
625 739
178 416
73 10
23 853
158 517
579 622
301 369
340 51
176 68
412 125
638 94
433 694
410 319
102 622
940 380
711 927
172 5
410 564
10 149
400 250
987 769
429 830
382 534
254 286
53 981
845 16
547 163
823 623
442 413
763 915
373 287
935 718
919 626
380 663
86 756
61 987
565 226
100 649
558 749
780 307
123 629
109 962
245 0
461 916
884 745
882 459
819 43
627 181
738 202
61 227
452 459
529 56
494 829
617 82
48 46
912 658
571 340
861 605
986 643
420 246
156 200
58 554
893 346
350 525
