797 190
361 746
399 81
831 83
251 97
549 965
535 963
40 51
416 904
290 23
376 726
566 622
135 705
862 17
813 76
69 142
259 348
582 993
161 622
542 833
869 737
281 149
77 751
358 737
64 248
271 384
83 691
573 128
701 858
916 701
623 449
711 525
973 739
82 250
715 762
599 758
501 468
201 673
323 55
244 678
403 512
348 83
161 109
228 459
86 410
554 231
626 7
653 339
390 469
617 159
970 934
471 362
515 685
405 28
577 538
989 327
171 164
3 614
982 517
188 627
338 126
434 94
725 985
966 484
177 282
677 133
436 990
625 154
389 857
219 61
828 224
244 50
729 699
762 647
629 7
963 586
584 759
907 336
399 521
286 572
529 104
392 917
943 614
509 837
717 577
147 92
38 350
712 545
385 976
72 243
222 915
557 581
998 316
861 382
936 293
679 923
255 606
810 481
615 792
837 265
14 368
440 977
109 585
491 790
52 381
975 892
623 843
30 199
80 303
207 90
608 872
596 555
371 874
509 325
102 837
555 55
338 70
553 224
931 556
348 186
162 857
372 319
945 824
147 640
126 941
841 634
870 437
907 541
843 673
554 133
255 345
352 900
441 119
813 593
136 471
509 725
421 411
108 35
251 926
82 474
144 660
635 775
433 685
321 186
683 908
132 803
306 615
474 562
56 757
691 157
654 574
113 428
275 347
272 590
150 230
672 540
549 107
195 379
940 665
997 415
681 280
825 992
424 839
808 168
368 567
76 122
812 864
334 453
226 695
360 105
704 396
567 962
569 965
368 614
844 851
683 399
158 63
129 224
784 408
521 74
908 447
951 467
463 695
467 437
453 333
235 167
595 956
948 620
484 626
498 122
96 276
254 108
688 329
421 617
867 114
70 176
124 490
646 402
709 98
855 175
472 389
820 532
167 398
999 450
377 84
727 816
156 489
0 955
173 516
21 865
115 30
595 751
214 585
108 549
508 440
817 428
637 403
13 230
415 562
697 522
473 824
47 420
41 561
172 668
244 840
598 110
989 358
459 429
821 863
477 695
109 284
725 509
747 971
13 303
204 610
999 731
664 364
852 39
314 518
868 29
591 759
585 880
202 871
69 958
46 486
784 348
240 507
712 645
844 18
440 985
664 202
243 635
835 539
35 193
971 943
75 969
789 401
41 831
777 18
315 38
585 538
772 323
40 948
843 230
419 7
700 777
915 538
354 971
360 713
767 943
494 867
