969 990
372 831
719 340
717 150
911 591
112 48
63 945
399 665
548 688
30 773
988 183
129 140
254 996
185 303
152 338
971 409
773 63
420 150
724 503
385 322
340 816
921 608
604 509
148 204
987 249
803 501
833 89
60 357
526 661
369 565
445 138
245 204
976 415
641 573
762 991
40 779
574 535
37 608
766 544
766 420
585 669
197 487
90 511
791 653
721 443
280 418
146 654
229 823
191 194
684 683
813 64
412 83
437 199
62 29
197 422
87 329
772 312
883 605
293 920
337 463
10 552
944 198
150 553
637 9
731 940
418 633
364 421
861 930
700 141
485 852
927 148
667 757
712 458
279 113
405 416
935 152
771 43
420 762
807 85
876 828
196 161
749 573
428 410
333 803
597 635
479 189
438 567
219 473
962 142
326 504
784 879
703 18
964 746
550 947
833 671
312 618
211 864
139 370
180 442
909 552
622 844
316 183
97 593
928 769
404 631
351 51
52 625
563 199
633 553
738 65
414 178
249 37
48 523
552 669
645 802
115 271
83 927
655 151
118 256
334 632
822 958
822 670
599 842
741 833
356 868
157 221
858 508
399 727
847 930
953 583
3 579
179 80
427 157
5 228
334 47
617 496
240 859
574 14
694 432
828 317
905 551
484 632
62 241
778 524
328 204
265 129
38 105
793 846
805 651
884 339
583 213
149 959
542 671
930 69
223 225
680 827
966 411
908 91
811 370
898 412
409 607
767 940
187 426
542 704
177 256
178 563
605 438
633 12
8 800
423 685
246 412
868 728
535 914
192 713
759 283
294 104
828 232
46 696
484 202
954 360
296 582
747 518
860 690
685 15
538 311
140 806
185 466
385 561
592 814
450 628
524 604
566 674
872 156
370 883
827 554
503 819
856 999
477 892
107 879
584 169
813 287
494 138
906 498
138 282
193 895
298 755
912 786
629 862
585 698
998 658
37 552
316 267
178 778
