170 724
809 93
524 718
186 349
929 860
239 110
908 573
516 26
664 881
129 441
266 905
16 627
148 894
543 330
10 384
992 715
311 775
906 545
194 141
462 20
839 873
812 930
171 252
834 682
96 76
202 359
909 425
690 239
427 378
898 666
462 203
117 526
261 425
620 927
460 252
209 644
406 463
432 355
309 978
339 570
24 777
351 656
481 823
710 975
389 120
705 553
111 531
790 906
979 498
291 321
977 381
265 750
218 608
808 551
208 301
704 769
614 485
172 948
391 1
505 591
125 440
352 836
530 499
444 219
431 478
728 137
737 663
296 519
371 111
727 330
60 238
338 82
978 797
624 111
394 257
290 768
428 617
786 909
597 972
156 649
901 316
491 64
902 12
585 676
924 144
276 200
866 536
795 590
48 55
654 336
622 415
510 350
223 658
898 182
289 243
681 157
524 255
418 227
32 582
570 852
260 614
481 227
357 533
345 911
523 249
894 448
859 154
16 211
813 982
680 674
62 574
618 301
475 303
945 714
294 496
474 596
363 888
735 337
993 994
520 924
581 924
682 519
100 631
276 167
348 586
650 385
546 201
521 218
212 267
275 28
270 974
378 678
846 903
253 226
236 125
566 616
423 380
718 167
37 671
454 438
844 806
186 983
498 892
763 721
120 392
678 275
778 585
251 786
246 739
526 11
349 205
499 361
102 15
71 738
346 98
563 188
143 726
900 526
967 754
181 187
691 151
214 135
422 776
519 159
717 290
847 416
57 427
680 968
358 960
658 803
570 675
300 596
722 211
276 62
837 440
809 820
711 90
386 832
538 243
185 913
154 475
105 385
334 78
65 443
754 243
289 395
663 137
599 930
426 999
739 431
3 699
855 962
592 807
79 646
957 90
775 757
337 288
8 64
360 322
663 268
237 439
539 160
527 851
684 496
105 813
511 809
939 208
484 279
46 939
562 992
886 588
999 432
511 577
884 616
291 318
112 564
269 259
463 341
22 963
946 559
137 176
569 838
77 797
743 332
827 695
420 768
220 39
289 170
393 145
278 800
107 954
857 3
29 897
857 252
281 921
297 956
907 629
793 76
294 949
98 667
529 575
996 554
843 531
38 367
449 595
535 134
293 435
576 702
788 366
173 751
294 587
99 575
927 422
633 893
885 142
285 17
147 28
618 178
853 226
768 856
639 589
588 428
